84 71 44 86 72 54 83 54 67 76 58
42 70 73 65 59 92 89 90 44 56 78 71 66 45 65 89
65 72 85 98 51 95 75 49 86 91 43
55 74 76 59 51 76 53 43 79 91
41 100 73 72 98 81 61 85 45 98 99 71
98 91 43 87 94 81 57 74 55 45
99 54 54 54 72 52 95 65 62 83
92 73 73 48 98 91 44 89 56 60 86 96 74 59
71 70 57 76 57 72 99 93 53 60
66 91 79 82 64 77 75 66 99 41 71 66
82 67 81 76 100 44 100 49 73
84 45 51 69 78 63 81 62 78 96 61 75
55 94 48 97 71 96 92 43 93 43 72
46 44 46 64 41 70 67 80 73 97 44 69 77 76
64 55 63 80 85 79 47 81 45 66
56 42 92 64 61 98 90 63 77 62 83 79 69 93 94 73 51
48 62 88 54 79 63 70 94 81 55 72
60 67 56 55 66 71 90 67 71
41 78 68 58 47 82 88 89 89 55 90 65
92 83 67 50 83 65 88 96 59 65 63 69 75 46
87 66 63 50 44 79 67 84 59 53 55 81 72 78 41 67
57 52 96 75 84 82 58 88 73 44 62 71 48
82 74 58 42 89 87 63 51 63 71 66 94
89 96 81 66 75 84 61 64 92 41 72 63 50
98 53 88 52 41 53 61 65 65 51
65 100 62 62 81 64 99 90 72 75 89 85 85 44 48
42 72 78 94 94 100 91 68 58 66
45 67 90 68 85 41 69 66 88 95 68
66 100 56 59 77 95 71 67 41 94 59 44 88
96 48 100 49 59 90 47 93 59 76 100 78 99
84 57 49 83 59 88 89 44 98 43 81 96
72 49 64 79 96 76 67 79 49 78 52 72
45 50 90 59 93 44 59 48
85 57 42 89 83 81 97 74 94 52 44 54
93 68 96 94 57 58 79 83 81
87 86 70 81 43 91 60 42 80 67 93 82
82 60 78 56 94 69 49 100 66 80 59 89 61 53 59 100
43 41 99 60 42 72 88 50 74 69 45 95
54 99 86 71 96 98 59 80 78 62
92 46 86 78 77 69 57 53 54 85
50 95 60 92 56 65 96 42 43 50 44 60 67 69
87 86 41 72 94 47 45 65
63 81 89 99 88 62 84 93 58
76 94 68 70 58 48 83
70 48 53 67 48 53 99 55 49 86 60 57 65 44 91
82 63 43 90 75 75 48 66 63 97 49 72 76 86
65 64 67 78 98 69 60 66 79 88 67 58
94 60 41 94 64 66 75 65 50 62 80 70 100 51 73
77 43 60 86 47 57 57 51 65 83 62
92 45 79 62 44 67 68 46 54 98
77 54 78 65 96 85 83 68 90 80 66 45 51 73 80
87 59 61 94 73 59 67 79 68 83 97
99 68 57 79 76 100 87 98 63 94 57
81 86 67 55 98 42 80 70 67 78 76 44 96 65 60 50 80
50 81 62 100 84 87 81 86 83 77
43 54 60 73 76 75 58 50 72 99 88 95
86 89 42 83 81 72 99 71 51 43 70
53 69 83 97 69 66 67 81 41 100 60 66 96
90 77 68 99 60 100 45 47 79 45 60 70 60 74 100 65
41 65 53 54 73 91 92 49 80 44 69 56 60 56 72
92 78 57 51 64 57 68 75 64 77 56
90 93 53 65 79 100 48 43 97 45 90 97 91 84
54 73 42 52 46 92 57 70 48 88 98 42 61
88 76 65 97 56 44 57 68 45 75 91 94 52
90 88 58 50 61 67 54 47 90 44 71 98 53
80 58 73 47 88 54 46 86 90 74 54
88 70 48 60 80 49 92 99 86 81 90 96 84 61
84 89 41 50 61 91 74 63 88 44 49 69
58 74 84 53 58 88 55 80 46 92 50 79
81 65 51 79 49 76 82 87 97 100 76 90
81 46 73 57 60 90 64 43 51 69 69 94
61 78 75 69 80 74 58 98 88
69 96 57 58 49 67 53 43 43 99 97 72 45
92 74 91 88 94 83 52 96 55 87 73 81 55 82 76
47 71 87 92 52 99 42 84 60 42 75 44 57 95
89 76 43 81 70 46 65 98 60 52
95 73 75 67 53 66 86 51 66 86 69 45 55
86 85 55 86 57 91 79 79 83 42 49 84 58 85 70
74 42 99 87 65 52 61 87 80 50 97 97 82
74 63 83 99 59 80 93 57 98 68 86 92 54 73 73
71 80 70 46 60 81 50 75 99 88 91 50 84
89 95 86 66 68 47 89 66 62 82 99 80 93 49 73 75
50 98 56 46 74 65 84 63 92 94
75 59 89 53 42 42 91 64 53 100 53 42
91 64 64 61 62 74 69 71 53 58 77 88 93 57 91 49
64 58 75 97 97 95 47 45 67 63 95 51
88 72 97 46 57 44 55 87 70 57 83 43 79 83 86
61 71 90 59 79 72 88 70 44 93 62 59
95 54 52 92 84 65 58 82 47 60 92 41
98 62 64 56 44 82 90 93 87 68 61
67 58 43 79 62 98 82 99 88 66 66 74
44 93 75 52 100 53 84 57 66 71 61 94
100 84 63 45 89 63 59 73 58 82
70 49 41 98 59 68 47 96
73 81 47 74 52 81 59 50 57 93 60 50 92 79
45 100 54 80 95 67 77 52 78 75 51 49
79 84 56 100 64 57 44 77 51 61 52 100 59
98 58 43 94 78 58 43 76 45 80
67 99 61 53 57 67 60 69 89
69 72 46 82 55 67 70 42 45
